200.0
0.0
0.0
425.97496010000003
156.08544669999998
200.0
0.0
0.0
466.1487602
200.2498439
200.0
0.0
0.0
457.12580330000003
224.2468878
200.0
0.0
0.0
200.0
239.354688
200.0
0.0
0.0
200.0
249.70115470000002
200.0
0.0
0.0
200.0
258.4775941
200.0
0.0
0.0
200.0
262.6708968
200.0
0.0
0.0
200.0
262.8763968
200.0
0.0
0.0
200.0
263.4210824
200.0
0.0
0.0
200.0
264.1413763
200.0
0.0
0.0
200.0
265.7517639
200.0
0.0
0.0
200.0
267.0330816
200.0
0.0
0.0
200.0
216.960826
200.0
0.0
0.0
200.0
159.4323263
200.0
0.0
0.0
200.0
146.1460457
200.0
0.0
0.0
200.0
132.47892910000002
200.0
0.0
0.0
200.0
114.8680402
200.0
0.0
0.0
200.0
200.0
200.0
0.0
0.0
200.0
177.7488865
200.0
0.0
0.0
200.0
216.4439881
200.0
0.0
0.0
200.0
213.7163229
200.0
0.0
0.0
200.0
209.4659877
200.0
0.0
0.0
200.0
205.8705095
200.0
0.0
0.0
200.0
200.516001
200.0
0.0
0.0
200.0
193.2563065
200.0
0.0
0.0
200.0
183.8658932
200.0
0.0
0.0
200.0
172.33687940000002
200.0
0.0
0.0
200.0
160.3828752
200.0
0.0
0.0
200.0
146.2554842
200.0
0.0
0.0
200.0
126.927801

