156.5217668123736
337.26864236089017
302.44214184167737
279.9482093924104
0.0
286.7082049969728
0.0
0.0
381.93702225491523
355.4133696231426
0.0
0.0
309.06179971811474
382.375870724167
264.7183984697602
0.0
380.0366892582181
217.49755969818906
242.3150081864438
290.76837754982364
206.8771454400895
171.11551156867145
0.0
198.94617821321847
358.81338734987065
291.7012942288223
0.0
282.3840764762695
0.0
323.76715460045034
238.74123018426795
328.78464284265806
255.42740735515278
0.0
195.74973170286557
252.65152809782143
360.0570930186768
209.476124498572
365.61318592544467
214.33904941845893
0.0
325.2002602458677
395.595345325248
186.95743152085777
184.04657619354703
171.05654465741694
377.5254897868426
0.0
331.76530819462715
0.0
373.84844837267275
242.12760604584182
223.33446234177566
349.1865826634837
254.80034041683885
320.9027994130811
0.0
223.85761571272732
197.7629645487804
0.0
320.1128085541752
369.0860885776224
225.5165414202429
162.17820394196303
0.0
397.52793734568195
231.72778213139478
182.1088442155796
394.1610594039453
0.0
229.59173195636117
326.3120242570887
201.1564511016547
298.08664870781286
0.0
266.1729990759583
159.37477003607492
299.7918857591706
271.7108361640647
178.8056142537624
225.39519683440489
301.29474873879235
0.0
260.2672836544884
0.0
392.3002455716893
0.0
173.43250273242637
195.62738367371168
287.32193674905704
184.2914627797516
390.9370202030018
177.91636539353263
194.5266670139407
370.2419392455002
221.05551176633753
294.017004220812
0.0
0.0
199.89445290175544
315.13912975085333
155.8863794085742
299.18630685032076
240.26947258577968
0.0
0.0
258.43703918635185
390.8372810535513
305.3998039352245
318.7086473244509
170.12752594904268
372.64270483607567
352.25757720520136
305.56463582933577
213.3173162740357
330.178801683904
196.2118978701063
328.99068290033694
352.39879881095203
0.0
0.0
287.79070658531793
0.0
0.0
159.1832511233353
0.0
186.0546417813952
273.7972468594473
0.0
252.07416915648318
170.59770618826477
204.42869363804328
390.6091569714776
327.0898094520943
0.0
206.54855239343496
303.47870220595905
153.09154255752856
0.0
0.0
254.74392105056697
156.61335475130167
0.0
247.57666598523699
151.87280208843245
271.809119498951
335.8365065285814
254.19128442642713
0.0
0.0
293.60839242930047
205.28878383077986
213.08220465914061
207.2381494122706
156.5565135963134
364.20963842518404
388.76438635608
299.6583444777301
267.5777210815701
343.9604870139267
0.0
244.587072617242
317.69244166706767
332.86261066735824
275.30181007616204
180.31360074109136
298.52529773727053
0.0
368.9603023442859
168.9218878390728
0.0
318.85886080865623
0.0
190.31290202875363
374.74569841816816
161.33267314581155
151.99568093976058
275.8938608385506
336.43808118991194
0.0
377.1701218615837
351.73333380726433
351.0614684286975
360.5849919200598
397.27815469830574
150.06738391305785
213.26637381131343
156.97175642792104
0.0
0.0
229.18142588757973
175.28811749400197
0.0
396.6923203207081
152.6976557137
224.93973545014833
0.0
250.7145739822122
159.59274503582856
374.4193648081108
0.0
211.64736858507936
156.9497714271224
0.0
375.5804668732723
240.60427327946056
224.49589917105095
368.7822268481533
218.5434321722044
238.05925948730498
162.23037220828985
158.71274220709796
0.0
274.62109639962284
0.0
211.84089082050295
298.12823596192163
164.16717405444768
0.0
168.80731739583655
371.57975663417085
0.0
266.90419604462426
383.9579783462913
161.14759653978282
0.0
249.07735797876506
288.93988390787973
282.2559178503414
386.7761988708325
0.0
0.0
390.5709671653514
181.30446432764813
323.1745051965571
345.934368635705
174.47647272481314
305.4328392448089
0.0
178.26008758547061
263.92337858800573
0.0
265.414231124388
244.87590998434737
0.0
379.6560192043189
298.35591323030087
338.17113347479386
200.16176026588062
0.0
0.0
0.0
202.36589799600847
0.0
184.29291279143723
0.0
0.0
232.9792850919008
361.56916805924544
0.0
389.11654044846875
324.3946364132059
304.7885765114632
0.0
263.96779449464833
0.0
0.0
286.42395198380564
262.5330303094491
366.78784356798275
398.2867722393609
0.0
173.20104356979283
331.15229700122484
200.76803039100898
329.20960242936894
218.2157272533295
269.3883615378616
198.36432200635613
0.0
0.0
336.41918316055785
157.0756479516342
0.0
0.0
269.944314036879
0.0
312.37150413816994
0.0
384.7729204830247
0.0
334.9085445856321
167.61971313855273
384.68365871990494
291.2716183730136
294.4015325917766
249.4136264398419
324.18070994976443
0.0
0.0

