134
0
348
80
391
259
65
299
449
116
75
248
459
81
436
0
0
0
192
0
128
106
131
0
158
0
52
0
145
87
182
214
0
256
188
65
173
317
75
372
54
469
0
453
51
250
198
140
180
331
342
0
404
0
332
337
50
459
285
137
230
52
351
191
410
435
406
0
299
288
276
198
242
0
446
416
397
292
229
0
146
312
237
0
478
0
0
0
480
495
427
358
409
222
209
339
0
294
413
325
453
158
252
254
0
0
170
238
353
231
403
263
0
389
424
256
230
192
345
322
149
412
0
0
446
267
381
452
446
469
410
0
419
0
210
466
144
142
208
337
330
417
370
209
311
246
330
486
283
493
309
441
145
377
289
383
168
331
146
197
463
345
363
429
0
164
0
230
205
464
258
344
163
480
339
346
328
355
479
424
217
473
380
382
0
0
175
489
322
408
328
0
240
476
375
0
186
479
0
222
238
356
397
0
363
179
271
232
425
210
480
0
192
486
0
183
0
165
197
139
355
438
117
405
0
371
183
0
446
0
437
0
469
0
434
0
343
277
385
343
0
214
313
458
177
350
438
429
276
285
256
308
369
417
128
170
244
331
0
319
0
385
389
202
106
290
125
268
410
304
402
308
162
0
0
495
418
0
356
226
101
0
481
339
0
188
101
0
473
0
0
156
0
365
0
0
0
296
277
370
197
498
111
172
0
397
188
262
474
199
399
261
173
301
129
0
473
462
242
104
211
206
265
121
181
144
0
277
359
186
393
234
206
0
0
174
307
453
198
192
0
109
304
0
372
387
356
337
481
0
0
483
210
246
138
421
124
0
420
197
452
171
156
0
398
111
197
0
388
149
185
435
119
302
377
323
431
213
324
290
446
139
166
445
139
447
120
117
117
340
0
397
261
0
210
321
279
0
296
193
114
388
419
379
285
426
483
222
0
0
402
234
494
0
373
151
493
178
157
197
0
327
428
200
459
366
138
379
0
357
487
411
157
474
272
0
161
303
147
391
376
152
0
332
0
491
183
293
118
0
408
330
446
434
0
266
0
237
0
0
289
129
472
187
0
121
295
0
315
284
451
497
344
227
0
190
469
377
342
0
117
280
0
176
140
0
433
0
108
363
423
182
0
467
125
371
0
235
336
386

